0,389
0,388
0,387
0,386
0,385
0,384
0,319
0,318
0,317
0,316
10,179
10,145
10,192
10,244
10,181
10,152
10,177
11,14
11,6
9,5
9,7
8,11
8,18
8,4
8,17
8,14
24,3
24,2
24,1
24,0
20,3
20,2
20,1
19,3
19,2
19,1
12,3
12,2
12,1
11,28
11,27
11,26
11,25
11,24
11,23
11,22
11,21
11,20
11,19
11,18
11,15
11,13
11,9
11,4
11,3
11,2
11,1
10,302
10,301
10,300
10,299
10,298
10,297
10,296
10,295
10,294
10,293
10,292
10,291
10,290
10,289
10,288
10,287
10,286
10,285
10,284
10,283
18,1
10,282
10,281
10,280
10,279
10,278
